Case #1: 0000101100011000010111111110000111110110001110000111110000011100011111 -> 0000(1)0(11)000(11)0000(1)0(11111111)0000(11111)0(11)000(111)0000(11111)00000(111)000(11111)
Case #2: 110101111010011011101111110110111110001 -> (11)0(1)0(1111)0(1)00(11)0(111)0(111111)0(11)0(11111)000(1)
Case #3: 00110111110001101111000000110100011111010101100110010101111101110110011111 -> 00(11)0(11111)000(11)0(1111)000000(11)0(1)000(11111)0(1)0(1)0(11)00(11)00(1)0(1)0(11111)0(111)0(11)00(11111)
Case #4: 01101111111110011010000110110000110011000111101100010111001010 -> 0(11)0(111111111)00(11)0(1)0000(11)0(11)0000(11)00(11)000(1111)0(11)000(1)0(111)00(1)0(1)0
Case #5: 10100001010101111001110100100100110001001111101100110 -> (1)0(1)0000(1)0(1)0(1)0(1111)00(111)0(1)00(1)00(1)00(11)000(1)00(11111)0(11)00(11)0
Case #6: 100010100101010011110101011100 -> (1)000(1)0(1)00(1)0(1)0(1)00(1111)0(1)0(1)0(111)00
Case #7: 00000 -> 00000
Case #8: 0101001110000011101011001011101110100000111110110110111000110100000110011110010100001 -> 0(1)0(1)00(111)00000(111)0(1)0(11)00(1)0(111)0(111)0(1)00000(11111)0(11)0(11)0(111)000(11)0(1)00000(11)00(1111)00(1)0(1)0000(1)
Case #9: 00000101000010010010001110010001010000101 -> 00000(1)0(1)0000(1)00(1)00(1)000(111)00(1)000(1)0(1)0000(1)0(1)
Case #10: 01110001001011111001100011100100100011011000110101001011101010110100110101001 -> 0(111)000(1)00(1)0(11111)00(11)000(111)00(1)00(1)000(11)0(11)000(11)0(1)0(1)00(1)0(111)0(1)0(1)0(11)0(1)00(11)0(1)0(1)00(1)
Case #11: 0110010001111100 -> 0(11)00(1)000(11111)00
Case #12: 10101 -> (1)0(1)0(1)
Case #13: 100010000001001001111101100100001010110001110101111110111100100001000010000 -> (1)000(1)000000(1)00(1)00(11111)0(11)00(1)0000(1)0(1)0(11)000(111)0(1)0(111111)0(1111)00(1)0000(1)0000(1)0000
Case #14: 101110001000001111110011011010000000011111101000010011110100101 -> (1)0(111)000(1)00000(111111)00(11)0(11)0(1)00000000(111111)0(1)0000(1)00(1111)0(1)00(1)0(1)
Case #15: 0011100000101110001001011001100100110011011100000100111001011000110100011000001011001001101111110100 -> 00(111)00000(1)0(111)000(1)00(1)0(11)00(11)00(1)00(11)00(11)0(111)00000(1)00(111)00(1)0(11)000(11)0(1)000(11)00000(1)0(11)00(1)00(11)0(111111)0(1)00
Case #16: 100001101101111110001001100101000010010110001110 -> (1)0000(11)0(11)0(111111)000(1)00(11)00(1)0(1)0000(1)00(1)0(11)000(111)0
Case #17: 1100100011111111010010100000110100010000100110010011000001010010010110101100100000001011100000 -> (11)00(1)000(11111111)0(1)00(1)0(1)00000(11)0(1)000(1)0000(1)00(11)00(1)00(11)00000(1)0(1)00(1)00(1)0(11)0(1)0(11)00(1)0000000(1)0(111)00000
Case #18: 10000110100010010110000111101010110010101100101010001011101100000111100001111110010101010101100 -> (1)0000(11)0(1)000(1)00(1)0(11)0000(1111)0(1)0(1)0(11)00(1)0(1)0(11)00(1)0(1)0(1)000(1)0(111)0(11)00000(1111)0000(111111)00(1)0(1)0(1)0(1)0(1)0(11)00
Case #19: 110111011110011111110010 -> (11)0(111)0(1111)00(1111111)00(1)0
Case #20: 111010011000101101000001111111000100111011100010100000011010111110110010110001 -> (111)0(1)00(11)000(1)0(11)0(1)00000(1111111)000(1)00(111)0(111)000(1)0(1)000000(11)0(1)0(11111)0(11)00(1)0(11)000(1)
Case #21: 0111000001110101100111000010011010111001100001000 -> 0(111)00000(111)0(1)0(11)00(111)0000(1)00(11)0(1)0(111)00(11)0000(1)000
Case #22: 00101110001100010011010000001110101101101001001110110101010010010110101001100010011110101010001110000 -> 00(1)0(111)000(11)000(1)00(11)0(1)000000(111)0(1)0(11)0(11)0(1)00(1)00(111)0(11)0(1)0(1)0(1)00(1)00(1)0(11)0(1)0(1)00(11)000(1)00(1111)0(1)0(1)0(1)000(111)0000
Case #23: 110110011110010001001100011101001011111010111101111101101011001011011011001 -> (11)0(11)00(1111)00(1)000(1)00(11)000(111)0(1)00(1)0(11111)0(1)0(1111)0(11111)0(11)0(1)0(11)00(1)0(11)0(11)0(11)00(1)
Case #24: 1001111101101100011010110001111010000110001010100101101110010100001 -> (1)00(11111)0(11)0(11)000(11)0(1)0(11)000(1111)0(1)0000(11)000(1)0(1)0(1)00(1)0(11)0(111)00(1)0(1)0000(1)
Case #25: 1101010000111110111000111000 -> (11)0(1)0(1)0000(11111)0(111)000(111)000
Case #26: 01011111011000010010000011010000110000101100000100100110010110 -> 0(1)0(11111)0(11)0000(1)00(1)00000(11)0(1)0000(11)0000(1)0(11)00000(1)00(1)00(11)00(1)0(11)0
Case #27: 1001000011100111111011111001000001101101010111111011011111100010011001101 -> (1)00(1)0000(111)00(111111)0(11111)00(1)00000(11)0(11)0(1)0(1)0(111111)0(11)0(111111)000(1)00(11)00(11)0(1)
Case #28: 0111011010010000101000111111001011110001001011000100010001001 -> 0(111)0(11)0(1)00(1)0000(1)0(1)000(111111)00(1)0(1111)000(1)00(1)0(11)000(1)000(1)000(1)00(1)
Case #29: 10010110100100001111001011101000101010010011111101100100111100100101110011011111000110001000 -> (1)00(1)0(11)0(1)00(1)0000(1111)00(1)0(111)0(1)000(1)0(1)0(1)00(1)00(111111)0(11)00(1)00(1111)00(1)00(1)0(111)00(11)0(11111)000(11)000(1)000
Case #30: 0101100001011011001110010001101010001011101111000100100100000101100 -> 0(1)0(11)0000(1)0(11)0(11)00(111)00(1)000(11)0(1)0(1)000(1)0(111)0(1111)000(1)00(1)00(1)00000(1)0(11)00
Case #31: 1101111001001101100011101110111101011000000000001110001001110111010001111 -> (11)0(1111)00(1)00(11)0(11)000(111)0(111)0(1111)0(1)0(11)00000000000(111)000(1)00(111)0(111)0(1)000(1111)
Case #32: 11 -> (11)
Case #33: 01100100100111001111010111100100110101110101100000101100100100011110110001011100110001 -> 0(11)00(1)00(1)00(111)00(1111)0(1)0(1111)00(1)00(11)0(1)0(111)0(1)0(11)00000(1)0(11)00(1)00(1)000(1111)0(11)000(1)0(111)00(11)000(1)
Case #34: 1000110100111101110001010101100 -> (1)000(11)0(1)00(1111)0(111)000(1)0(1)0(1)0(11)00
Case #35: 00111111101011100110011000000101100010100111100111011101001100011000100010 -> 00(1111111)0(1)0(111)00(11)00(11)000000(1)0(11)000(1)0(1)00(1111)00(111)0(111)0(1)00(11)000(11)000(1)000(1)0
Case #36: 1011100 -> (1)0(111)00
Case #37: 101011011000011100001100000001011110001110110110001001111000010 -> (1)0(1)0(11)0(11)0000(111)0000(11)0000000(1)0(1111)000(111)0(11)0(11)000(1)00(1111)0000(1)0
Case #38: 010011100111000110001101 -> 0(1)00(111)00(111)000(11)000(11)0(1)
Case #39: 01000111001000001101010100100010110100111010101111101 -> 0(1)000(111)00(1)00000(11)0(1)0(1)0(1)00(1)000(1)0(11)0(1)00(111)0(1)0(1)0(11111)0(1)
Case #40: 1110 -> (111)0
Case #41: 11111100110001100100111110010010110110101101100100101100101110100 -> (111111)00(11)000(11)00(1)00(11111)00(1)00(1)0(11)0(11)0(1)0(11)0(11)00(1)00(1)0(11)00(1)0(111)0(1)00
Case #42: 101100111010010101100111111111111000011010000001101111010110101 -> (1)0(11)00(111)0(1)00(1)0(1)0(11)00(111111111111)0000(11)0(1)000000(11)0(1111)0(1)0(11)0(1)0(1)
Case #43: 10011001101010111111111111100000100001010100001100110101000011000010000100001 -> (1)00(11)00(11)0(1)0(1)0(1111111111111)00000(1)0000(1)0(1)0(1)0000(11)00(11)0(1)0(1)0000(11)0000(1)0000(1)0000(1)
Case #44: 10110011100001100110111000011101110001011101101011110010010000011000110110111100010110100000001110101 -> (1)0(11)00(111)0000(11)00(11)0(111)0000(111)0(111)000(1)0(111)0(11)0(1)0(1111)00(1)00(1)00000(11)000(11)0(11)0(1111)000(1)0(11)0(1)0000000(111)0(1)0(1)
Case #45: 1111011000111001011101111111110111110011100000101111010010101 -> (1111)0(11)000(111)00(1)0(111)0(111111111)0(11111)00(111)00000(1)0(1111)0(1)00(1)0(1)0(1)
Case #46: 01101100101100011101001100001011101111110111101011011100011110011 -> 0(11)0(11)00(1)0(11)000(111)0(1)00(11)0000(1)0(111)0(111111)0(1111)0(1)0(11)0(111)000(1111)00(11)
Case #47: 11100000110100011010001111011111001110010010011111011101000110110001 -> (111)00000(11)0(1)000(11)0(1)000(1111)0(11111)00(111)00(1)00(1)00(11111)0(111)0(1)000(11)0(11)000(1)
Case #48: 11111111110100100100110110111101001001111101000011010011011101100000100000011111110001011110100100101 -> (1111111111)0(1)00(1)00(1)00(11)0(11)0(1111)0(1)00(1)00(11111)0(1)0000(11)0(1)00(11)0(111)0(11)00000(1)000000(1111111)000(1)0(1111)0(1)00(1)00(1)0(1)
Case #49: 10001000111010100100001010111110111011011100111111000 -> (1)000(1)000(111)0(1)0(1)00(1)0000(1)0(1)0(11111)0(111)0(11)0(111)00(111111)000
Case #50: 0011110 -> 00(1111)0
Case #51: 01110101001101100010111100000101000101011000101 -> 0(111)0(1)0(1)00(11)0(11)000(1)0(1111)00000(1)0(1)000(1)0(1)0(11)000(1)0(1)
Case #52: 10110001111111001001000000010110100000001000000101111001000011000111101001010110000010010110000001 -> (1)0(11)000(1111111)00(1)00(1)0000000(1)0(11)0(1)0000000(1)000000(1)0(1111)00(1)0000(11)000(1111)0(1)00(1)0(1)0(11)00000(1)00(1)0(11)000000(1)
Case #53: 1110110011001101101101111001110010100111101010011000011000010 -> (111)0(11)00(11)00(11)0(11)0(11)0(1111)00(111)00(1)0(1)00(1111)0(1)0(1)00(11)0000(11)0000(1)0
Case #54: 1011100010101000000101100001100010011001001000011101111101010100100001110011001100001000001010010101 -> (1)0(111)000(1)0(1)0(1)000000(1)0(11)0000(11)000(1)00(11)00(1)00(1)0000(111)0(11111)0(1)0(1)0(1)00(1)0000(111)00(11)00(11)0000(1)00000(1)0(1)00(1)0(1)0(1)
Case #55: 01111100101001010100000111101110010101001110 -> 0(11111)00(1)0(1)00(1)0(1)0(1)00000(1111)0(111)00(1)0(1)0(1)00(111)0
Case #56: 00110000110101101110010111011001000110011110010011011001010001111111011010101001101 -> 00(11)0000(11)0(1)0(11)0(111)00(1)0(111)0(11)00(1)000(11)00(1111)00(1)00(11)0(11)00(1)0(1)000(1111111)0(11)0(1)0(1)0(1)00(11)0(1)
Case #57: 101111111011110011 -> (1)0(1111111)0(1111)00(11)
Case #58: 11000000111000111100111 -> (11)000000(111)000(1111)00(111)
Case #59: 11000100100010100101010110111101010011000101000111110011000011111111010 -> (11)000(1)00(1)000(1)0(1)00(1)0(1)0(1)0(11)0(1111)0(1)0(1)00(11)000(1)0(1)000(11111)00(11)0000(11111111)0(1)0
Case #60: 1001000011 -> (1)00(1)0000(11)
Case #61: 010001111 -> 0(1)000(1111)
Case #62: 010110101010110001110000000110100000000110100010011110 -> 0(1)0(11)0(1)0(1)0(1)0(11)000(111)0000000(11)0(1)00000000(11)0(1)000(1)00(1111)0
Case #63: 0110111011001111010110 -> 0(11)0(111)0(11)00(1111)0(1)0(11)0
Case #64: 001000101001010101010001001101101010011111110010011000110110011101110011001101000 -> 00(1)000(1)0(1)00(1)0(1)0(1)0(1)0(1)000(1)00(11)0(11)0(1)0(1)00(1111111)00(1)00(11)000(11)0(11)00(111)0(111)00(11)00(11)0(1)000
Case #65: 1101110010010111001001000101101111100110111011 -> (11)0(111)00(1)00(1)0(111)00(1)00(1)000(1)0(11)0(11111)00(11)0(111)0(11)
Case #66: 0110000010000000000001011100111010011011011110 -> 0(11)00000(1)000000000000(1)0(111)00(111)0(1)00(11)0(11)0(1111)0
Case #67: 00011111001000110011100111101011000011100101111111 -> 000(11111)00(1)000(11)00(111)00(1111)0(1)0(11)0000(111)00(1)0(1111111)
